5 35 198 623 345 134 
5 35 198 623 345 137 
5 35 198 623 345 258 
5 35 198 623 345 1558 
5 35 198 623 345 1650 
4 35 198 623 553 
4 35 198 623 612 
5 35 198 623 605 137 
5 35 198 623 605 258 
5 35 198 623 605 1558 
5 35 198 623 605 1650 
3 35 198 487 
3 35 198 506 
3 35 198 524 
3 35 198 1064 
3 35 198 1307 
4 35 198 63 912 
4 35 198 468 2418 
4 35 198 534 345 
4 35 198 1672 605 
4 35 198 2284 1777 
5 35 198 338 1111 605 
5 35 198 403 1111 605 
4 35 198 1777 134 
5 35 198 1111 137 605 
3 35 20 8 
3 35 23 33 
3 35 32 1364 
3 35 36 1689 
3 35 65 52 
3 35 138 131 
3 35 169 141 
3 35 201 204 
3 35 212 141 
3 35 235 934 
3 35 250 252 
3 35 408 395 
3 35 416 470 
3 35 452 1468 
3 35 464 513 
3 35 529 381 
3 35 571 160 
3 35 621 381 
3 35 1072 1693 
3 35 1126 2282 
3 35 1337 470 
3 35 1363 1364 
3 35 1435 2084 
3 35 1530 257 
3 35 1673 534 
3 35 1692 1693 
3 35 1719 1650 
3 35 1749 470 
3 35 1769 338 
3 35 1804 1770 
3 35 1887 1650 
3 35 1954 1995 
3 35 2351 2415 
3 35 2480 2084 
3 35 8 1672 
3 35 52 63 
4 35 130 1835 470 
4 35 170 183 141 
3 35 252 141 
4 35 397 623 605 
3 35 429 141 
3 35 429 617 
4 35 461 1080 1393 
3 35 525 141 
3 35 525 2425 
4 35 538 895 486 
3 35 617 486 
3 35 833 6 
3 35 833 83 
3 35 934 141 
4 35 1205 204 1111 
3 35 1468 63 
3 35 1995 1650 
3 35 2282 2284 
3 35 2415 622 
3 35 2425 541 
3 35 114 131 
3 35 114 498 
3 35 114 1693 
3 35 160 345 
3 35 160 480 
5 35 180 207 141 183 
3 35 262 553 
3 35 262 1064 
3 35 262 1773 
5 35 266 1263 622 1265 
5 35 275 288 220 232 
3 35 395 470 
3 35 395 622 
5 35 450 476 486 487 
3 35 480 605 
3 35 480 1766 
3 35 895 141 
5 35 1335 1727 468 2418 
3 35 1364 1777 
3 35 1393 622 
4 35 1554 258 605 
4 35 1554 258 1768 
4 35 1770 137 605 
4 35 1773 623 605 
3 35 1835 1672 
5 35 1888 503 1237 1562 
3 35 6 232 
3 35 6 470 
3 35 6 605 
4 35 12 257 524 
4 35 12 131 141 
3 35 257 487 
3 35 288 63 
5 35 543 204 605 1111 
5 35 543 204 605 1650 
5 35 630 216 541 1672 
3 35 630 1633 
4 35 1633 183 141 
3 35 1633 204 
3 35 1768 470 
3 35 1768 1777 
3 35 216 623 
5 35 216 2165 541 1672 
4 35 220 141 1693 
3 35 232 1476 
6 35 503 1237 494 1258 1562 
3 35 1258 183 
3 35 1727 338 
3 35 1727 1693 
3 35 1766 63 
3 35 1766 534 
3 35 1766 622 
3 35 1766 1111 
3 35 2165 83 
3 35 2165 470 
3 35 131 134 
3 35 131 137 
3 35 494 338 
3 35 494 1558 
4 35 183 605 141 
5 35 498 137 345 623 
4 35 498 137 204 
3 35 498 912 
5 35 498 134 345 623 
5 35 1476 137 605 1111 
4 35 1476 137 345 
3 35 1476 487 
5 35 1476 338 605 1111 
3 35 486 468 
3 35 486 1558 
3 35 622 141 
3 35 1693 534 
4 35 1693 470 141 
4 35 83 605 141 
4 35 83 605 204 
4 35 83 605 258 
3 35 83 134 
3 35 83 553 
3 35 83 2418 
3 35 204 534 
5 35 204 137 1111 605 
3 35 470 506 
3 35 470 2284 
3 53 65 52 
3 111 99 104 
3 119 109 99 
3 471 455 54 
3 588 232 6 
3 613 2093 1389 
3 735 24 721 
3 828 533 85 
3 1067 3362 417 
3 1101 905 485 
3 1122 1123 141 
3 1156 886 182 
3 1180 2886 1842 
3 1318 1234 1314 
3 1343 671 682 
3 1425 1714 277 
3 1496 835 838 
3 1543 1545 1546 
3 1553 432 1552 
3 1568 200 907 
3 1653 1651 1652 
3 1654 122 128 
3 1707 1705 664 
3 1716 860 627 
3 1762 27 389 
3 1763 60 141 
3 1821 934 235 
3 1823 778 235 
3 1824 1696 235 
3 1889 632 989 
3 1925 45 30 
3 1937 977 1045 
3 2043 1213 1214 
3 2144 1606 1559 
3 2179 2180 1154 
3 2181 41 2134 
3 2380 1375 2381 
3 2396 2397 507 
3 2412 1147 620 
3 2424 1416 1428 
3 2448 2449 2450 
3 2469 1524 691 
3 2495 769 366 
3 2537 668 1705 
3 2553 1032 1035 
3 2578 1308 2579 
3 2611 2449 2544 
3 2631 2632 870 
3 2698 631 561 
3 2712 1488 1265 
3 2713 18 1265 
3 2767 2700 277 
3 2808 796 2025 
3 2827 300 580 
3 2867 608 684 
3 2935 3396 3180 
3 2978 814 816 
3 3060 1694 1766 
3 3097 2056 345 
3 3140 3141 1998 
3 3170 536 929 
3 3201 1673 534 
3 3240 1561 1530 
3 3297 407 1136 
3 3318 1463 2453 
3 3322 1297 328 
3 3326 895 486 
3 3392 600 337 
3 102 617 486 
3 102 617 1360 
3 106 109 99 
3 231 232 6 
3 241 240 242 
3 244 240 242 
4 255 253 250 252 
4 267 40 30 31 
3 285 278 268 
3 285 278 2327 
3 348 350 351 
3 367 360 354 
3 496 1724 721 
4 554 556 55 58 
3 575 576 577 
3 575 576 578 
3 641 939 912 
3 653 654 126 
3 695 477 331 
3 710 474 490 
3 710 474 540 
3 732 24 721 
3 737 24 721 
3 830 831 622 
3 830 831 832 
3 890 533 57 
3 890 533 85 
3 961 205 191 
3 996 50 31 
3 999 1714 277 
3 1054 532 1542 
3 1059 1120 563 
3 1104 1158 918 
3 1161 182 1129 
3 1161 182 1167 
3 1173 192 206 
4 1208 1204 236 1207 
3 1236 693 581 
3 1243 978 426 
3 1411 334 525 
3 1420 1421 896 
3 1441 1310 998 
4 1443 1444 998 1310 
3 1517 2034 335 
4 1563 1560 1237 1562 
3 1607 366 113 
3 1607 366 207 
4 1625 1623 189 1564 
3 1636 187 183 
4 1641 1638 183 187 
3 1674 1671 798 
3 1695 1696 235 
3 1706 1705 664 
3 1708 1705 664 
4 1715 1341 14 166 
3 1745 359 327 
3 1764 27 498 
3 1796 142 67 
3 1827 39 31 
3 1832 699 389 
3 1834 783 1835 
3 1839 151 1351 
3 1839 151 1589 
3 1846 151 159 
3 1898 783 1835 
4 1911 40 30 729 
3 1914 31 30 
3 1916 1369 30 
3 1938 500 186 
3 1938 500 1532 
3 2093 1151 1389 
4 2095 704 1291 1292 
3 2190 1545 2484 
3 2192 1022 426 
3 2223 1659 1908 
3 2223 1659 2538 
3 2329 1904 191 
3 2338 211 1162 
3 2338 211 1331 
4 2350 1202 1627 2351 
4 2456 603 34 729 
3 2463 1616 134 
3 2467 1494 266 
3 2504 831 1265 
3 2523 973 187 
3 2567 1940 1050 
4 2571 245 243 1501 
4 2610 2449 2450 2544 
3 2624 561 635 
3 2627 192 206 
3 2639 388 211 
3 2650 891 895 
3 2696 933 448 
3 2731 315 551 
3 2761 422 2759 
3 2801 228 684 
4 2804 634 635 1188 
4 2806 631 635 1188 
3 2839 1028 429 
4 2852 578 128 576 
3 2863 2862 249 
3 2863 2862 717 
4 3091 3092 1809 2726 
3 3109 3110 1842 
3 3123 205 383 
4 3212 2618 1774 1905 
3 3219 2470 161 
5 51 42 23 25 33 
3 73 57 55 
3 105 54 389 
3 105 54 479 
4 154 158 160 147 
4 154 158 160 2364 
3 199 180 192 
3 199 180 207 
3 221 191 187 
3 221 191 205 
3 221 191 279 
3 245 240 243 
3 396 58 55 
3 432 1554 1552 
4 449 864 555 865 
3 499 550 55 
4 522 126 160 1376 
3 528 55 141 
3 531 580 166 
3 531 55 383 
3 532 2491 1542 
3 545 58 55 
3 602 603 30 
3 667 663 664 
3 667 663 668 
3 677 294 124 
3 677 60 450 
3 730 470 117 
3 730 470 164 
3 742 1308 2579 
3 764 943 944 
3 791 1205 1111 
5 857 853 852 854 856 
3 869 117 403 
3 886 883 182 
3 904 1457 331 
3 904 1457 2231 
3 904 57 331 
3 917 187 141 
3 1024 486 311 
3 1024 486 450 
3 1038 1557 334 
3 1038 1557 1085 
3 1038 135 1085 
3 1041 1042 713 
3 1079 39 34 
4 1133 1137 1132 1135 
3 1133 1137 484 
3 1135 44 1132 
3 1152 192 187 
3 1152 192 206 
3 1152 183 187 
4 1157 1160 182 227 
3 1166 191 159 
3 1166 191 182 
3 1175 205 191 
5 1190 1196 1189 1191 1193 
3 1211 2014 1976 
3 1213 884 1214 
4 1217 1623 189 1564 
3 1279 990 1278 
3 1279 991 1188 
5 1347 355 327 353 357 
3 1368 1366 235 
3 1368 1366 237 
3 1383 492 1384 
5 1401 966 401 1145 1149 
3 1402 1403 426 
4 1433 708 1435 1434 
4 1433 708 1435 1436 
4 1444 1437 998 1310 
3 1624 388 211 
3 1722 847 838 
4 1742 1744 529 1723 
3 1782 605 27 
3 1782 605 1588 
4 1830 1488 831 622 
4 1830 1488 831 832 
3 1854 344 128 
5 1939 1940 1050 1311 1943 
3 1953 1791 1952 
3 1953 1791 2490 
3 1975 294 1976 
5 1996 793 399 1792 1995 
5 2000 793 399 1792 1995 
3 2003 1650 1995 
3 2003 1650 2407 
3 2017 3016 409 
5 2019 1281 806 1287 1295 
3 2030 1673 534 
3 2031 1142 523 
3 2038 311 6 
3 2087 2086 426 
3 2087 2086 2007 
3 2119 85 525 
3 2120 426 85 
3 2137 508 484 
3 2184 3150 1292 
4 2279 1546 2484 128 
4 2279 1546 2484 3104 
3 2395 2393 731 
3 2422 2645 1629 
3 2436 186 605 
3 2506 187 429 
4 2508 943 944 2629 
4 2510 191 187 707 
3 2510 191 205 
4 2582 18 622 1265 
4 2630 2632 249 870 
3 2735 141 525 
3 2735 141 915 
4 2790 943 944 2629 
3 2792 254 959 
4 2850 814 815 816 
3 2850 814 818 
5 3067 3070 767 3045 3069 
4 3110 2886 1842 3112 
3 3309 1076 604 
3 3309 1076 2485 
3 3379 543 204 
3 3446 934 635 
3 3446 934 919 
4 74 57 465 486 
3 74 57 519 
3 74 57 533 
3 80 71 52 
6 93 94 1 95 96 97 
3 234 238 235 
3 234 238 239 
3 240 243 242 
3 242 1501 243 
3 254 959 252 
3 254 959 1880 
3 254 250 252 
5 287 278 220 275 268 
5 287 278 220 275 2327 
4 336 1655 128 1321 
4 376 378 175 360 
3 404 63 55 
3 404 63 1766 
4 457 1042 31 45 
3 458 311 6 
3 502 58 55 
3 558 55 455 
3 558 55 485 
3 558 905 485 
4 582 493 377 583 
4 582 493 377 584 
4 582 493 358 584 
3 598 1153 1094 
3 598 1739 2238 
4 636 626 629 551 
4 636 626 629 633 
3 739 721 24 
3 739 721 1332 
3 769 146 117 
3 769 146 366 
3 769 1387 366 
3 785 927 580 
3 888 57 486 
3 888 57 894 
3 921 311 6 
3 921 311 959 
3 990 985 634 
3 1002 49 25 
3 1013 179 334 
3 1015 472 650 
3 1025 260 258 
4 1031 1032 1035 1036 
3 1070 639 366 
4 1074 1032 101 386 
4 1143 1142 523 1141 
4 1143 1142 523 2369 
3 1153 182 141 
3 1169 1172 81 
3 1218 1214 884 
4 1288 362 572 610 
3 1288 362 381 
3 1288 362 1298 
4 1367 1366 1371 235 
4 1367 1366 1371 237 
3 1385 161 617 
3 1387 366 211 
3 1387 366 435 
3 1416 96 1121 
3 1437 1310 207 
3 1437 1310 660 
3 1449 1022 426 
3 1524 1523 691 
3 1532 1566 500 
3 1557 865 1081 
3 1557 865 1085 
3 1619 537 141 
3 1626 1627 668 
3 1626 1627 1202 
3 1626 1627 1629 
3 1626 1630 668 
3 1639 141 183 
3 1639 141 191 
4 1688 1690 1689 1691 
3 1714 277 426 
3 1714 277 2099 
3 1720 845 840 
3 1720 845 1721 
3 1720 837 840 
4 1721 845 559 838 
3 1724 549 721 
4 1772 1435 1436 2084 
4 1772 1435 1436 2331 
4 1772 1435 2083 2084 
4 1772 1435 2083 2331 
3 1778 527 27 
3 1778 203 2703 
3 1779 27 623 
3 1779 27 1767 
5 1783 637 27 309 306 
5 1783 637 27 309 1787 
5 1825 235 112 778 919 
3 1825 235 1826 
3 1826 934 235 
4 1844 233 395 408 
4 1844 233 395 547 
6 1870 2609 136 1093 1446 1879 
3 1897 783 1835 
3 1920 1817 286 
3 1920 30 1757 
3 1926 40 30 
3 1947 192 206 
3 1989 228 684 
3 1990 141 83 
3 1990 141 1901 
5 2020 738 1281 1287 1290 
5 2020 738 1281 1287 1291 
4 2044 1223 1209 1214 
3 2044 1223 85 
3 2197 1022 426 
3 2215 920 32 
3 2215 186 397 
3 2247 249 211 
4 2265 1672 216 2165 
3 2265 1672 716 
5 2324 233 535 517 547 
4 2324 233 535 408 
4 2331 708 1435 1436 
4 2331 708 1435 2083 
4 2394 1163 141 187 
4 2397 134 1559 1616 
3 2397 134 507 
3 2512 2507 187 
3 2517 20 8 
3 2532 385 946 
4 2542 2543 107 2100 
4 2543 1125 107 2100 
3 2589 380 189 
3 2645 1630 668 
3 2649 2434 318 
3 2657 580 166 
3 2657 580 300 
3 2657 128 577 
4 2819 605 543 1650 
3 2819 605 389 
3 2862 2632 249 
3 2862 2632 717 
5 2873 2787 67 142 2786 
3 3161 468 486 
4 3447 605 204 474 
3 3447 605 389 
3 46 44 23 
5 49 23 25 33 42 
3 49 23 30 
4 115 109 99 104 
3 115 55 518 
3 140 2498 366 
3 165 147 150 
3 165 147 160 
3 194 334 57 
3 217 191 181 
3 217 191 182 
3 217 191 205 
3 256 260 258 
3 273 959 538 
5 352 355 327 353 357 
3 406 707 191 
6 418 955 714 1064 1423 2334 
3 430 24 721 
3 440 117 409 
3 440 117 1768 
4 462 455 54 55 
4 462 455 54 78 
3 549 58 55 
6 658 955 714 1064 1423 2334 
3 722 568 151 
3 792 1294 1280 
6 813 814 811 815 816 817 
4 820 815 811 817 
3 936 239 635 
3 978 192 206 
5 1086 461 1080 555 601 
5 1086 461 1080 555 864 
5 1086 461 1080 1087 864 
3 1094 1331 211 
3 1141 1142 512 
3 1141 1142 759 
3 1162 211 388 
3 1162 211 1034 
3 1163 182 141 
3 1172 141 81 
3 1172 141 183 
3 1172 141 209 
4 1212 1209 884 1214 
3 1426 1200 187 
6 1487 831 622 1263 1265 1264 
6 1487 831 622 1263 1265 1494 
4 1623 380 189 1564 
3 1630 1705 664 
3 1630 1705 668 
6 1670 874 716 798 1665 1668 
6 1670 874 716 798 1665 1669 
3 1690 1691 1616 
4 1690 1691 36 1689 
3 1690 134 1616 
3 1729 1374 34 
4 1775 27 306 1781 
3 1775 27 141 
3 1775 27 1780 
3 1775 537 141 
4 1784 43 27 605 
4 1784 43 27 1777 
4 1784 43 186 605 
4 1784 43 186 1777 
3 1840 151 159 
3 1865 501 1614 
3 1865 498 912 
3 1866 922 513 
3 1910 30 34 
3 1930 187 141 
5 2014 124 31 294 1976 
3 2014 124 1634 
3 2023 1867 138 
3 2023 389 1559 
3 2036 311 6 
3 2036 311 247 
5 2083 1434 708 1435 2084 
3 2145 141 207 
3 2145 141 252 
5 2189 685 228 682 684 
3 2193 608 684 
5 2236 1940 1050 1311 1943 
5 2245 1560 503 1237 1562 
3 2273 1567 417 
3 2305 354 67 
3 2305 437 838 
3 2369 512 1142 
3 2407 1650 543 
3 2407 1650 1251 
4 2428 1484 1062 1494 
3 2428 1484 1264 
3 2428 2710 1494 
5 2452 521 464 922 540 
5 2452 521 464 922 1429 
4 2452 521 1120 1429 
3 2579 608 684 
4 2595 388 91 211 
4 2688 2711 448 933 
3 2870 1376 160 
4 69 67 142 402 
3 69 67 52 
3 69 67 1428 
4 92 943 944 2629 
4 150 713 34 45 
3 150 147 164 
3 193 500 159 
3 193 500 1566 
3 193 192 180 
3 193 180 159 
3 223 182 191 
6 355 359 220 327 353 357 
4 378 57 71 334 
4 378 57 175 360 
4 392 192 191 206 
3 490 58 55 
3 490 58 576 
3 490 474 480 
3 490 480 55 
3 507 83 38 
3 507 83 134 
3 507 83 1814 
4 527 27 134 83 
4 527 27 134 198 
4 527 27 553 83 
4 527 27 553 198 
3 527 537 83 
3 536 55 450 
3 536 12 257 
5 544 482 450 465 487 
3 625 27 612 
3 783 760 1835 
4 818 814 811 817 
4 903 1237 503 1562 
3 903 57 455 
5 988 633 860 627 630 
4 988 633 860 637 
4 988 633 860 986 
3 988 992 637 
3 988 992 986 
4 1000 650 6 232 
3 1076 101 1035 
3 1076 351 2485 
5 1077 386 101 714 1036 
5 1077 386 101 714 1064 
5 1077 386 101 1035 1036 
4 1077 386 262 1064 
3 1113 570 551 
3 1113 71 1252 
3 1115 71 83 
4 1158 182 141 191 
3 1158 182 504 
3 1158 484 918 
4 1223 884 1209 1214 
3 1231 1234 1232 
3 1234 1232 192 
3 1234 1232 1314 
7 1262 18 1265 1267 622 1263 1264 
5 1262 18 1265 1267 1266 
3 1300 929 572 
3 1300 929 1280 
3 1359 617 486 
3 1359 617 1360 
4 1370 1372 237 1366 
3 1370 1372 238 
3 1370 1696 238 
7 1378 743 437 838 841 810 839 
6 1378 743 437 838 841 848 
3 1397 1392 1080 
4 1440 1692 309 454 
3 1440 1692 1036 
3 1440 211 388 
4 1489 1267 1263 622 
4 1489 1267 1263 1482 
4 1489 1267 1263 1493 
4 1489 1267 1266 1493 
3 1489 2710 622 
3 1489 2710 1493 
7 1495 1484 1263 1267 18 622 1265 
5 1495 1484 1263 1267 1482 
3 1574 537 83 
3 1606 632 1188 
3 1613 27 43 
3 1613 27 198 
3 1613 27 1251 
3 1613 27 1786 
3 1613 1612 198 
3 1774 141 27 
3 1774 141 38 
3 1814 83 258 
3 1814 83 1252 
3 1886 71 410 
3 1886 71 639 
3 1886 71 794 
6 1987 1294 362 929 1238 1296 
4 2056 501 198 345 
3 2100 107 173 
3 2100 107 2099 
3 2106 605 141 
3 2433 1616 134 
3 2433 1616 386 
3 2433 186 134 
5 2699 635 631 934 987 
3 2699 635 571 
3 2699 919 934 
5 2710 1494 266 622 1265 
3 2711 1672 933 
4 3016 198 137 409 
4 3016 198 137 623 
3 3016 198 2418 
3 41 187 183 
3 42 60 33 
3 79 55 52 
3 79 55 398 
3 79 55 399 
3 79 55 486 
3 79 55 519 
3 121 122 128 
4 214 707 182 191 
4 259 605 204 27 
4 259 605 204 1111 
3 259 605 1588 
4 259 605 1250 1111 
4 259 1205 204 1111 
3 261 389 55 
3 261 389 630 
3 261 389 699 
3 286 60 55 
3 326 475 351 
3 456 179 334 
5 489 453 381 481 701 
4 566 55 465 487 
3 566 55 389 
3 566 55 399 
4 583 57 175 377 
3 583 57 198 
3 584 117 71 
3 656 366 622 
4 688 687 228 681 
4 688 687 228 685 
3 746 749 524 
3 882 57 395 
5 883 191 209 141 182 
5 883 191 209 141 187 
3 883 191 205 
3 883 202 141 
3 1023 849 810 
8 1150 1147 401 620 966 1144 1145 1149 
7 1185 1196 1189 1193 1186 1191 1195 
5 1185 1196 1189 1193 1804 
5 1283 362 333 929 572 
5 1283 362 333 929 1280 
6 1286 362 333 929 1280 1238 
6 1286 362 333 929 1280 1298 
5 1286 362 333 929 572 
4 1286 362 610 572 
3 1309 1119 1121 
3 1328 141 191 
3 1328 141 622 
3 1328 67 2786 
6 1344 671 228 608 682 684 
6 1344 671 228 608 682 687 
3 1344 671 1069 
3 1366 1369 1372 
4 1366 1372 1371 237 
7 1391 1394 461 1080 1087 876 1392 
7 1391 1394 461 1080 1087 876 1396 
7 1391 1394 461 1080 1087 504 1396 
3 1455 617 486 
3 1455 617 1360 
6 1492 1488 1267 622 1263 1264 
6 1492 1488 1267 622 1263 1494 
5 1492 1488 1267 832 1264 
3 1542 191 141 
6 1560 1237 503 1562 494 1258 
5 1560 1237 503 1562 1888 
4 1566 500 187 1302 
3 1566 500 380 
3 1566 500 610 
3 1629 1705 664 
3 1629 1705 1627 
3 1629 2415 1627 
3 1632 424 183 
8 1646 50 30 31 34 713 950 39 
8 1646 50 30 31 34 713 950 1647 
3 1767 366 27 
3 1767 366 186 
3 1767 366 211 
3 1767 553 27 
3 1767 630 389 
3 1767 389 27 
3 1767 389 186 
4 1781 306 27 309 
4 1781 306 27 389 
4 1781 306 27 1771 
4 1781 306 1111 389 
3 1781 894 389 
6 1949 362 333 929 381 1238 
5 1949 362 333 929 572 
5 1949 362 333 929 1298 
4 1949 362 610 572 
4 1993 1901 192 206 
3 2390 107 173 
3 2390 107 1125 
5 2435 186 605 894 1650 
3 2498 211 366 
3 2498 211 1034 
3 2498 435 366 
3 2524 191 187 
3 2524 191 205 
7 94 95 1 97 1120 1121 96 
7 94 95 1 97 1120 1121 1119 
4 94 95 995 1119 
3 124 950 31 
5 136 1905 1093 1446 1879 
3 136 1905 534 
4 238 1371 235 1696 
4 238 1371 239 1372 
4 239 561 634 635 
3 239 561 1372 
3 243 894 351 
3 330 101 44 
3 330 101 117 
3 330 101 386 
4 359 353 220 1353 
5 359 353 220 1351 327 
3 407 20 8 
3 453 366 537 
3 453 2159 537 
6 477 58 57 54 55 60 
4 477 58 57 331 
3 481 386 381 
4 483 67 57 334 
3 483 67 548 
3 483 1146 401 
3 483 401 548 
3 509 38 83 
3 509 38 337 
3 519 57 55 
3 519 57 71 
3 519 57 187 
3 519 480 55 
3 519 183 71 
3 519 183 187 
3 542 605 198 
3 542 605 894 
3 542 55 60 
4 556 57 55 58 
4 556 57 55 455 
3 556 57 772 
3 556 315 1676 
4 562 55 58 60 
3 562 55 176 
3 562 39 187 
3 562 1136 176 
3 600 632 337 
3 657 187 183 
3 657 187 2507 
3 731 24 721 
3 767 146 117 
6 832 1483 831 1264 1267 1488 
3 880 1616 134 
4 901 57 179 334 
3 901 57 331 
3 901 83 389 
4 918 192 206 1637 
3 918 192 484 
3 918 426 484 
3 930 1373 137 
3 930 63 1766 
3 1005 759 1961 
4 1030 222 353 537 
3 1030 222 391 
3 1030 222 784 
5 1032 1035 101 386 1036 
3 1048 1376 160 
3 1050 311 959 
9 1081 601 135 461 504 555 865 1084 1088 
3 1119 506 1 
6 1146 1144 401 966 1145 1149 
3 1146 1144 772 
8 1222 517 395 454 535 1432 1740 547 
8 1222 517 395 454 535 1432 1740 1298 
7 1284 362 333 929 1280 1238 1296 
6 1284 362 333 929 1280 1298 
5 1284 362 333 929 572 
3 1354 71 6 
3 1354 71 117 
3 1354 71 353 
3 1354 470 6 
3 1354 470 117 
7 1481 1264 622 1263 1265 1267 18 
7 1481 1264 622 1263 1265 1267 266 
3 1521 309 480 
4 1545 128 2484 463 
4 1545 128 2484 1546 
4 1546 1657 128 2484 
3 1634 153 183 
8 1666 874 716 798 806 1671 1665 1668 
8 1666 874 716 798 806 1671 1665 1669 
8 1666 874 716 798 806 1671 1948 1668 
8 1666 874 716 798 806 1671 1948 1669 
3 1780 605 27 
3 1780 605 186 
3 1791 191 141 
4 2313 306 198 409 
3 2313 306 351 
3 2494 894 137 
3 2494 894 1205 
4 2507 187 587 973 
3 2507 187 389 
3 2522 191 141 
3 2522 67 381 
3 2632 191 205 
3 3096 778 634 
3 3096 778 934 
7 3150 1238 328 745 1292 1297 1299 
4 3150 1238 328 1295 
3 3150 1238 929 
3 181 212 191 
4 202 141 183 180 
4 202 141 183 389 
4 202 141 183 1633 
3 202 141 660 
3 202 141 915 
3 247 1650 605 
3 298 391 222 
5 393 54 55 57 60 
7 511 224 473 535 1427 454 1432 
7 511 224 473 535 1427 1428 1431 
5 511 224 473 2425 1428 
4 511 192 1431 1428 
3 557 161 55 
3 599 891 895 
3 610 538 362 
3 668 1627 1705 
3 673 2703 304 
3 803 933 448 
6 995 1431 535 563 1429 1884 
3 1103 67 480 
4 1147 1792 620 966 
3 1176 642 446 
3 1176 333 929 
3 1202 1627 1705 
4 1202 1627 2415 2351 
3 1202 664 1705 
3 1209 211 514 
5 1266 1267 1494 18 1265 
3 1331 117 470 
3 1331 426 211 
8 1341 608 228 682 686 166 14 683 
7 1341 608 228 682 686 166 671 
7 1341 608 228 682 686 684 671 
7 1341 608 228 682 686 684 683 
3 1372 778 237 
3 1372 778 561 
3 1372 778 934 
3 1392 1872 1394 
3 1392 1872 1395 
6 1392 1395 461 876 1080 1087 
6 1395 1396 461 1080 504 1083 
6 1395 1396 461 1080 504 1087 
6 1395 1396 461 1080 876 1083 
6 1395 1396 461 1080 876 1087 
4 1395 1396 1872 504 
3 1423 409 714 
4 1436 2084 708 1435 
8 1485 1267 622 1263 1265 18 1484 1062 
8 1485 1267 622 1263 1265 18 1484 1264 
7 1485 1267 622 1263 1265 1488 1264 
3 1589 170 151 
6 1612 345 623 198 1614 258 
6 1612 345 623 198 1614 501 
5 1612 345 623 198 1535 
4 1612 345 623 498 
3 1612 1616 498 
4 1643 187 141 183 
3 1643 187 211 
3 1643 362 538 
5 1648 198 306 403 1111 
5 1648 198 306 403 1535 
4 1648 198 306 534 
3 1648 198 501 
3 1648 198 1650 
3 1676 28 60 
4 1694 27 63 1766 
3 1694 27 1535 
3 1694 27 1692 
3 1694 209 1692 
5 1694 537 2159 63 1766 
3 1696 235 934 
3 1696 235 1803 
9 1755 1750 30 31 34 45 248 713 950 
3 1771 306 351 
4 1771 306 198 27 
4 1803 112 235 778 
4 1803 34 40 50 
6 1815 328 1295 1238 1818 1290 
6 1815 328 1295 1238 1818 1291 
5 1815 328 1295 738 1290 
5 1815 328 1295 738 1291 
3 1815 328 1128 
4 1872 1394 504 1396 
8 1948 7 1669 716 798 806 874 1671 
3 2238 915 364 
7 2327 282 220 232 278 288 275 
7 2327 282 220 232 278 288 276 
8 2419 1335 48 468 515 1675 1727 2418 
3 2419 1335 637 
4 48 1693 515 1727 
4 96 1121 1884 226 
4 96 1121 226 95 
11 274 288 220 232 268 276 278 280 281 282 283 
3 274 288 161 
10 281 275 220 232 268 278 280 282 283 288 
5 402 67 142 2786 2787 
3 402 67 148 
3 410 57 71 
3 410 85 1136 
6 550 535 1429 922 464 563 
5 550 535 1429 473 1427 
5 550 535 55 464 563 
4 550 535 55 473 
4 550 179 334 55 
6 570 629 627 628 551 626 
6 570 629 627 628 551 630 
6 570 629 627 628 633 626 
6 570 629 627 628 633 630 
6 570 629 627 860 630 633 
3 587 159 191 
3 587 659 973 
3 587 191 187 
3 604 1195 171 
3 604 1195 272 
5 628 629 991 986 633 
4 628 629 986 551 
4 628 985 991 986 
3 691 277 426 
5 749 1533 257 12 67 
5 749 1533 257 12 524 
5 749 1533 257 179 524 
5 749 1533 334 179 524 
4 749 1533 334 67 
3 759 211 187 
6 780 631 635 637 989 633 
6 780 631 635 637 989 634 
5 780 631 635 272 1189 
3 780 631 770 
4 780 986 989 633 
4 780 986 989 634 
4 780 986 989 992 
5 780 992 637 635 989 
8 951 874 716 798 806 1671 1665 1668 
8 951 874 716 798 806 1671 1665 1669 
8 951 874 716 798 806 1671 7 1669 
6 966 736 401 1144 1145 1149 
3 1034 211 91 
3 1034 211 249 
5 1056 1237 503 1562 494 
5 1056 1237 503 1562 1888 
3 1056 101 1036 
3 1069 101 1064 
3 1069 686 671 
8 1183 1195 1193 272 635 561 778 631 
8 1183 1195 1193 272 635 561 778 1191 
7 1183 1195 1193 272 635 1189 631 
7 1183 1195 1193 272 635 1189 1191 
7 1183 1195 1193 1196 1191 561 778 
6 1183 1195 1193 1196 1191 1189 
4 1196 1193 1804 561 
7 1196 1193 1186 1191 1195 561 778 
11 1289 745 328 704 1238 1280 1291 1292 1297 1299 1282 
11 1289 745 328 704 1238 1280 1291 1292 1297 1299 1301 
3 1330 1650 204 
6 1394 1083 461 1080 1396 504 
6 1394 1083 461 1080 1396 876 
6 1396 1393 1083 461 1080 504 
6 1396 1393 1083 461 1080 876 
3 1427 67 1428 
6 1427 1429 473 535 454 1432 
6 1427 1429 473 535 1428 1431 
7 1482 1484 831 1263 1267 1483 1494 
6 1493 1483 1263 1267 831 1488 
5 1493 1483 1263 1267 1062 
4 1637 141 187 183 
4 1637 141 187 192 
3 1637 141 283 
4 1637 141 206 192 
11 1754 1750 30 31 34 45 50 603 713 950 39 
11 1754 1750 30 31 34 45 50 603 713 950 1647 
4 2434 318 71 81 
3 2434 318 1269 
4 2434 318 186 894 
3 2434 208 894 
3 2434 304 81 
3 2434 397 186 
4 2434 204 186 894 
3 2434 204 71 
3 164 1337 470 
3 176 173 55 
6 280 277 220 232 268 278 
3 321 27 173 
3 321 27 1667 
3 380 500 189 
4 424 605 141 183 
4 424 605 141 894 
3 424 605 198 
3 424 205 415 
3 424 209 141 
3 424 306 198 
10 466 608 228 682 686 166 14 683 339 681 
9 466 608 228 682 686 166 14 683 685 
8 466 608 228 682 686 166 671 339 
8 466 608 228 682 686 166 671 685 
9 466 608 228 682 686 684 339 681 683 
8 466 608 228 682 686 684 339 671 
8 466 608 228 682 686 684 685 671 
8 466 608 228 682 686 684 685 683 
7 521 563 535 464 922 1431 540 
7 521 563 535 464 922 1431 1429 
5 521 563 535 464 55 
5 521 563 535 1120 1429 
3 548 470 1155 
3 548 470 1749 
3 548 470 2208 
3 736 24 187 
4 804 101 386 1036 
3 804 101 117 
3 804 1155 117 
3 804 1961 409 
3 804 409 117 
9 836 846 838 839 850 437 743 841 559 
9 836 846 838 839 850 437 743 841 840 
8 836 846 838 839 850 437 845 559 
8 836 846 838 839 850 437 845 840 
8 836 846 838 839 850 849 845 559 
8 836 846 838 839 850 849 845 840 
8 836 846 838 839 850 849 841 559 
8 836 846 838 839 850 849 841 840 
4 898 141 394 173 
4 898 141 394 183 
3 898 141 81 
3 898 141 191 
3 898 113 366 
3 898 159 191 
4 898 366 173 394 
3 1254 354 67 
3 1310 141 169 
3 1310 141 207 
3 1310 141 660 
3 1310 141 998 
11 1656 1657 128 546 576 970 1321 1596 122 578 1655 
10 1656 1657 128 546 576 970 1321 1596 122 463 
11 1656 1657 128 546 576 970 1321 1596 260 578 1655 
4 1786 27 137 623 
3 1786 27 534 
3 1786 1588 534 
3 1786 1588 623 
4 1901 141 192 206 
3 1901 141 153 
3 1901 141 391 
8 1908 50 30 31 34 713 950 39 
8 1908 50 30 31 34 713 950 1647 
3 1908 179 334 
13 1913 1753 30 31 34 45 50 248 603 713 729 950 1757 
4 2208 733 117 470 
4 2208 733 117 1106 
3 2208 733 1036 
5 2787 67 142 12 1533 
5 2787 67 142 12 2786 
5 2787 67 142 1558 2786 
4 2787 67 480 334 
5 2787 67 334 1558 2786 
4 2787 67 334 1533 
4 2787 179 334 480 
4 2787 179 334 1533 
4 2787 179 334 1558 
5 112 778 235 934 631 
5 112 778 235 934 919 
4 112 778 561 631 
4 112 778 561 919 
3 171 1671 798 
3 196 228 684 
5 208 894 498 134 389 
3 208 894 201 
3 208 894 538 
3 208 500 134 
3 208 1251 1250 
3 208 1250 389 
3 237 632 778 
3 371 639 101 
3 371 639 537 
8 497 517 395 535 547 1740 454 1432 
7 497 517 395 535 547 1740 233 
5 497 517 395 535 55 
4 497 517 58 55 
3 497 998 233 
6 497 408 395 535 454 1432 
5 497 408 395 535 55 
5 497 408 395 535 233 
6 501 27 198 345 623 1614 
4 501 27 198 1777 
4 501 27 43 1777 
3 501 71 345 
3 565 701 333 
3 565 351 386 
3 565 470 733 
3 620 57 568 
3 620 151 568 
3 624 2703 389 
3 624 2703 1252 
3 624 397 1252 
5 626 629 632 634 635 
4 626 629 634 551 
4 626 629 635 633 
5 626 631 635 634 632 
5 626 631 635 634 637 
5 626 631 635 633 637 
4 626 637 551 634 
4 770 631 561 778 
5 793 1792 399 1954 1349 
5 793 1792 399 1954 1995 
8 834 840 437 743 810 839 850 837 
8 834 840 437 743 810 839 850 844 
8 834 840 437 743 810 839 850 847 
7 834 840 437 743 810 843 847 
7 834 840 437 743 848 837 850 
6 834 840 437 743 848 843 
4 834 840 71 810 
4 834 840 71 848 
3 842 306 338 
3 842 306 1971 
8 843 840 838 437 743 810 835 847 
6 843 840 838 437 743 848 
7 843 840 838 849 810 835 847 
5 843 840 838 849 848 
3 843 891 437 
10 844 850 810 838 839 437 743 841 835 840 
9 844 850 810 838 839 437 743 841 559 
8 844 850 810 838 839 437 845 559 
8 844 850 810 838 839 437 845 840 
9 844 850 810 838 839 849 840 835 841 
8 844 850 810 838 839 849 840 845 
8 844 850 810 838 839 849 559 841 
8 844 850 810 838 839 849 559 845 
3 939 498 389 
3 939 498 912 
3 939 258 1376 
6 985 991 634 989 778 561 
6 985 991 634 989 778 993 
5 985 991 634 989 637 
6 985 991 634 989 986 993 
6 985 991 634 987 778 561 
6 985 991 634 987 778 993 
5 985 991 634 987 637 
5 985 991 992 989 561 
5 985 991 992 989 637 
5 985 991 992 989 986 
6 985 631 634 561 778 987 
6 985 631 634 561 778 989 
5 985 631 634 637 987 
5 985 631 634 637 989 
6 992 989 632 1188 561 635 
6 992 989 632 1188 561 991 
6 992 989 632 1188 986 991 
9 1062 1483 622 1263 1265 1267 1494 18 1484 
8 1062 1483 622 1263 1265 1267 1494 266 
4 1128 1292 328 745 
3 1128 1292 389 
3 1128 170 141 
3 1128 915 141 
3 1128 141 389 
7 1191 272 635 1193 1188 561 778 
6 1191 272 635 1193 1188 1189 
8 1191 272 635 1193 1186 1195 561 778 
7 1191 272 635 1193 1186 1195 1189 
4 1250 605 1111 389 
4 1250 605 1111 1251 
3 1250 605 43 
3 1250 605 397 
3 1250 1252 397 
8 1290 1281 328 1287 1295 806 738 1280 
8 1290 1281 328 1287 1295 806 738 2022 
8 1290 1281 328 1287 1295 806 1818 2022 
8 1290 1281 328 1287 1295 1238 1818 2022 
7 1290 1281 328 1287 1295 1238 1280 
9 1293 1291 328 1238 1301 1280 1281 1287 1295 
8 1293 1291 328 1238 1301 1280 1292 1299 
9 1293 1291 328 1238 1301 1818 1281 1287 1295 
9 1293 1291 328 1238 2022 1818 1281 1287 1295 
9 1293 1291 328 738 1281 1287 1295 1280 1301 
8 1293 1291 328 738 1281 1287 1295 2022 
7 1294 362 333 929 1280 1301 701 
7 1294 362 333 929 1280 1301 1238 
7 1294 362 333 929 1280 1301 1298 
7 1294 362 333 929 1280 1296 1238 
6 1294 362 333 929 381 701 
6 1294 362 333 929 381 1238 
3 1302 514 279 
3 1302 514 426 
3 1302 514 1567 
3 1302 389 187 
3 1302 500 1567 
3 1349 71 6 
3 1349 71 334 
3 1349 71 353 
3 1349 71 399 
3 1349 71 403 
3 1353 6 232 
3 1353 232 220 
4 1373 71 137 409 
4 1373 71 137 605 
3 1373 71 12 
3 1373 71 468 
4 1373 1588 43 605 
3 1373 67 12 
3 1373 67 43 
3 1373 67 137 
4 1373 43 186 605 
3 1373 186 468 
4 1373 186 137 605 
3 1382 351 43 
3 1382 351 354 
3 1382 351 895 
3 1382 446 642 
3 1382 1335 642 
3 1382 67 43 
3 1382 67 354 
4 1533 377 142 67 
5 1533 142 257 12 67 
3 1556 2255 222 
3 1556 2255 1106 
14 1751 1750 30 31 34 39 50 248 603 713 729 950 1042 1757 
4 2629 198 309 306 
3 2629 198 345 
3 2629 198 605 
3 2629 38 306 
3 2629 38 605 
3 2786 67 137 
3 2786 67 383 
5 2786 67 381 701 142 
3 24 743 721 
3 113 146 366 
4 146 141 183 187 
4 146 141 183 394 
3 146 141 60 
4 146 141 191 187 
3 146 366 394 
3 162 1238 85 
3 162 1238 1297 
3 162 486 487 
3 230 211 187 
3 230 211 775 
3 230 211 1136 
3 230 34 1136 
3 230 183 187 
3 265 973 187 
3 300 772 580 
3 301 304 81 
3 301 306 309 
3 337 632 38 
3 385 686 85 
3 388 211 282 
3 388 211 1258 
3 388 283 282 
5 455 54 55 57 60 
5 455 54 55 57 334 
5 455 179 334 55 57 
6 479 57 58 55 179 334 
6 479 57 58 55 179 383 
6 479 57 58 55 54 334 
6 479 57 58 55 486 383 
7 479 57 58 891 895 383 486 
6 479 57 67 55 54 334 
5 479 57 67 55 383 
7 482 476 57 465 450 54 60 
7 482 476 57 465 450 54 487 
7 482 476 57 465 450 486 487 
7 482 476 57 465 891 486 487 
4 482 476 78 54 
4 482 476 78 486 
3 482 1369 60 
3 482 1667 486 
7 540 922 464 513 535 563 1431 
5 540 922 464 513 71 
3 540 474 71 
4 551 634 986 629 
10 577 1657 128 546 576 970 1321 1596 260 1655 
9 577 1657 128 546 576 970 1321 1596 463 
3 577 57 463 
5 681 683 686 85 687 
10 681 683 686 687 14 166 228 339 608 682 
4 681 28 339 687 
4 720 187 191 141 
3 720 187 364 
3 720 81 141 
5 738 1287 328 173 2022 
8 738 1287 328 806 1301 1280 1281 1295 
7 745 1296 704 1238 1280 1292 1297 
9 845 846 810 838 839 847 850 437 559 
9 845 846 810 838 839 847 850 437 840 
9 845 846 810 838 839 847 850 849 559 
9 845 846 810 838 839 847 850 849 840 
10 864 1088 135 461 1080 341 555 865 504 1083 
10 864 1088 135 461 1080 341 555 865 504 1084 
9 864 1088 135 461 1080 341 555 865 1085 
8 864 1088 135 461 1080 1087 1084 504 
7 864 1088 135 461 1080 1087 1085 
3 874 480 806 
7 993 991 632 634 1188 778 987 
7 993 991 632 634 1188 778 989 
7 993 991 632 634 1188 629 986 
7 993 991 632 634 1188 986 989 
5 993 991 633 986 629 
5 993 991 633 986 989 
5 993 991 633 778 989 
7 993 635 778 989 632 634 1188 
5 993 635 778 989 633 
7 993 635 778 987 632 634 1188 
6 993 635 629 632 634 1188 
4 993 635 629 633 
3 1376 27 160 
3 1376 27 258 
3 1376 27 1777 
3 1376 71 486 
3 1376 1588 160 
3 1376 1588 258 
8 1484 1483 622 1263 1265 1267 831 1264 
8 1484 1483 622 1263 1265 1267 831 1494 
8 1484 1483 622 1263 1265 1267 1264 18 
6 1614 27 623 198 258 306 
6 1614 27 623 198 258 345 
5 1614 27 623 1559 345 
3 1614 38 306 
3 1675 1559 1766 
7 1818 806 1301 328 1281 1287 1295 
3 78 54 52 
3 78 54 170 
3 78 54 389 
3 78 54 398 
3 78 541 389 
3 78 141 170 
3 78 141 389 
3 143 1155 435 
3 143 395 1740 
10 601 461 135 341 555 865 1088 504 1084 1080 
9 601 461 135 341 555 865 1088 504 2255 
9 601 461 135 341 555 865 1088 1085 1080 
4 601 461 876 1080 
9 683 685 687 14 166 228 608 682 686 
8 685 687 671 166 228 608 682 686 
8 687 671 339 166 228 608 682 686 
9 848 846 838 841 850 437 743 837 840 
8 848 846 838 841 850 437 743 559 
8 848 846 838 841 850 849 837 840 
7 848 846 838 841 850 849 559 
5 848 846 838 841 523 
3 876 576 354 
3 876 354 461 
3 919 426 561 
3 919 927 934 
3 946 1567 161 
4 1155 733 117 470 
4 1155 733 117 1106 
3 1155 44 470 
4 1282 409 328 1292 
4 1282 537 1297 1299 
4 1282 576 1238 1280 
8 1483 1267 622 1263 1265 266 1488 1264 
8 1483 1267 622 1263 1265 266 1488 1494 
8 1483 1267 622 1263 1265 1488 831 1264 
8 1483 1267 622 1263 1265 1488 831 1494 
4 1671 351 798 806 
3 1971 130 306 
3 1971 141 537 
3 2022 351 806 
3 2022 716 806 
5 2022 1238 173 328 1287 
3 2202 211 187 
3 2202 211 426 
3 2202 733 1106 
4 2703 203 605 389 
4 2703 203 605 474 
4 2703 203 605 543 
3 2703 203 1252 
3 2703 304 389 
3 2703 304 474 
4 2703 204 605 474 
4 2703 204 605 543 
3 104 248 34 
3 104 248 206 
3 104 141 206 
6 185 605 1650 27 204 543 
6 185 605 1650 27 204 1559 
4 185 605 1650 1588 
3 185 605 480 
6 185 605 83 1559 27 204 
4 185 605 83 1588 
5 185 534 1559 27 204 
3 185 534 1588 
3 224 187 525 
3 224 525 2425 
4 226 57 55 54 
4 226 57 55 95 
4 226 57 27 198 
3 226 117 538 
3 226 1884 538 
3 226 538 55 
3 304 81 137 
3 304 81 220 
3 304 81 389 
3 304 81 403 
3 304 474 83 
3 304 83 389 
4 473 518 60 55 
5 473 54 57 55 60 
3 473 57 454 
4 491 55 58 60 
3 491 55 480 
3 491 55 516 
3 520 465 27 
3 520 465 55 
3 520 465 159 
3 520 58 55 
4 520 137 605 27 
4 824 141 187 209 
3 824 141 60 
11 837 810 838 835 839 840 841 846 850 437 743 
10 837 810 838 835 839 840 841 846 850 849 
5 837 810 838 518 849 
3 837 333 849 
3 933 448 543 
3 933 448 1535 
6 986 860 991 629 634 1188 
5 986 860 991 629 633 
6 986 860 991 989 634 1188 
5 986 860 991 989 633 
9 1083 504 461 2255 135 341 555 865 1088 
6 1087 2255 135 461 504 1088 
6 1189 1193 631 272 635 1188 
7 1189 1193 631 272 635 1186 1195 
8 1195 1186 561 631 635 778 1193 272 
8 1195 1186 561 631 635 778 1193 987 
3 1195 1186 351 
4 1251 27 605 474 
4 1251 27 605 1650 
4 1251 27 605 1672 
3 1251 27 366 
4 1251 27 306 474 
3 1251 1111 306 
3 1251 1111 366 
4 1251 71 605 474 
4 1251 71 605 1672 
3 1251 71 366 
6 1281 1287 1280 1295 1296 806 
6 1281 1287 1280 1295 1296 1238 
8 1431 1884 464 513 535 563 922 1429 
4 1657 2484 463 128 
15 1758 248 30 45 50 603 713 950 31 34 40 729 1042 1750 39 
15 1758 248 30 45 50 603 713 950 31 34 40 729 1042 1750 1647 
10 1758 248 30 45 50 603 713 950 206 1647 
5 1884 1429 535 454 1432 
4 1884 1429 538 922 
3 1884 351 464 
3 1884 351 538 
4 122 334 546 970 
3 175 360 381 
3 175 360 389 
4 175 360 377 57 
3 175 398 57 
3 175 576 970 
3 184 55 58 
3 184 55 538 
3 184 134 498 
4 184 180 183 207 
4 278 1351 220 232 
3 279 412 514 
4 318 639 71 81 
4 318 137 186 894 
4 318 137 71 81 
3 377 67 57 
3 377 67 354 
3 377 360 354 
3 415 101 386 
3 463 60 57 
3 463 1298 2484 
11 846 841 810 838 839 847 850 437 743 835 840 
10 846 841 810 838 839 847 850 437 743 559 
10 846 841 810 838 839 847 850 849 835 840 
9 846 841 810 838 839 847 850 849 559 
5 846 841 810 838 523 
5 973 187 39 141 183 
3 973 187 707 
4 1252 623 397 1588 
3 1252 623 1292 
3 1252 623 1559 
4 1252 71 83 1559 
3 1252 83 1588 
3 1303 309 173 
3 1596 354 576 
3 1740 1106 395 
3 2255 733 1106 
3 28 302 1558 
3 91 211 366 
3 91 211 1136 
3 91 179 334 
3 135 159 555 
7 272 1188 561 631 635 778 1193 
4 331 568 57 58 
3 394 209 141 
4 394 148 183 141 
3 412 211 187 
3 412 211 514 
3 412 334 187 
5 472 57 54 58 60 
3 472 57 27 
3 472 57 71 
3 472 117 71 
3 472 448 306 
3 472 306 27 
3 515 27 1693 
3 515 38 1693 
3 515 186 468 
3 546 55 334 
3 701 1351 333 
3 733 262 1106 
4 733 408 395 1106 
3 733 395 470 
3 733 395 1036 
4 835 71 810 840 
8 987 631 635 778 561 1188 632 634 
7 987 631 635 778 561 1188 1193 
6 987 631 635 778 934 235 
6 987 631 635 778 235 632 
5 987 631 635 637 634 
7 987 991 634 632 561 778 1188 
3 1269 605 141 
3 1269 605 403 
3 1269 605 474 
3 1269 465 141 
3 1269 306 403 
3 1269 306 474 
6 1296 1280 1238 538 362 929 
3 1299 716 1292 
3 1299 141 173 
3 1299 141 537 
4 1299 173 328 1238 
16 1753 1757 30 45 50 248 603 713 950 31 34 40 729 1042 1750 39 
16 1753 1757 30 45 50 248 603 713 950 31 34 40 729 1042 1750 1647 
11 1753 1757 30 45 50 248 603 713 950 206 1647 
3 1792 67 1954 
5 209 141 187 180 191 
5 209 141 187 180 207 
4 209 141 187 389 
4 209 141 187 465 
5 209 141 187 915 191 
5 209 141 182 180 191 
5 209 141 182 180 207 
5 209 141 182 915 191 
3 209 426 915 
3 209 1692 191 
4 283 220 81 141 
3 283 153 141 
3 514 211 426 
3 514 211 1136 
5 518 847 810 838 849 
3 563 58 55 
3 563 58 922 
5 563 513 55 464 535 
3 578 27 970 
5 629 860 635 634 1188 
4 629 860 635 633 
3 629 389 630 
4 629 38 632 991 
6 633 860 989 561 778 635 
6 633 860 989 561 778 991 
5 633 860 989 637 635 
5 633 860 989 637 991 
6 633 631 635 989 561 778 
4 660 191 141 182 
4 660 191 141 206 
3 660 191 159 
3 660 60 141 
4 716 1672 806 1665 
3 860 486 895 
7 860 1188 634 561 778 989 635 
7 860 1188 634 561 778 989 991 
5 860 634 637 989 635 
5 860 634 637 989 991 
3 915 114 498 
3 915 364 187 
5 915 192 141 187 191 
3 991 1693 38 
3 991 38 637 
7 991 989 632 561 634 778 1188 
5 1616 27 134 306 309 
5 1616 27 134 306 498 
5 1616 27 134 1559 309 
4 1616 27 201 1559 
3 1616 386 714 
3 1665 6 605 
4 1665 1673 534 1559 
3 1665 534 798 
3 1665 605 1559 
3 1665 605 1672 
5 203 605 1111 389 1476 
4 203 605 1111 403 
4 203 605 1111 543 
3 203 605 43 
3 203 605 57 
3 203 153 173 
3 203 351 43 
4 203 1205 389 1111 
3 205 191 180 
3 205 191 383 
3 559 894 351 
4 559 351 437 838 
3 707 650 182 
3 707 650 187 
3 707 650 772 
3 707 580 772 
3 743 721 437 
3 771 389 141 
3 1106 389 262 
3 1193 183 187 
5 1667 27 389 134 498 
4 1667 27 389 1292 
4 1667 27 137 498 
4 1667 27 137 1292 
3 1667 153 311 
3 1667 1205 389 
3 1667 114 498 
3 1667 114 1351 
3 1667 311 486 
3 1667 468 486 
3 1667 468 1351 
3 1667 1351 137 
4 454 1432 309 1692 
6 454 1432 1298 395 408 535 
3 454 57 395 
3 533 1136 85 
4 533 58 568 57 
3 714 67 83 
3 714 153 83 
3 714 83 1036 
3 798 141 1693 
3 798 534 1693 
3 922 191 159 
4 922 159 464 513 
3 1036 141 83 
3 1036 257 142 
3 1036 2418 83 
3 1036 142 101 
5 1750 1756 30 31 1042 
4 260 258 1554 1768 
3 302 486 1558 
3 555 58 55 
3 555 58 865 
4 555 55 461 504 
3 580 437 772 
3 865 60 58 
3 865 60 461 
3 1291 389 1292 
4 1360 71 81 114 
4 1360 71 81 137 
3 1360 71 83 
3 1360 71 338 
3 1360 71 617 
3 1360 60 476 
3 1360 262 386 
4 1360 151 159 487 
3 1360 476 487 
3 1360 487 81 
5 1535 306 198 27 623 
3 1535 306 38 
3 1535 306 448 
3 1535 366 27 
3 1535 894 403 
4 1535 1292 27 623 
4 1535 1588 198 623 
5 1535 345 27 198 623 
8 40 23 30 31 34 39 45 50 
5 568 57 55 450 58 
5 568 57 55 450 465 
4 568 57 55 485 
5 568 57 476 465 450 
3 568 389 55 
4 568 151 465 450 
8 632 989 561 631 634 635 778 1188 
3 639 366 71 
3 639 366 173 
3 639 366 537 
3 639 57 71 
3 639 222 537 
3 639 306 173 
4 95 57 55 60 
4 95 57 55 67 
3 95 57 71 
3 142 67 43 
4 142 67 131 12 
3 142 101 131 
3 142 134 131 
3 142 537 43 
6 360 60 55 54 57 58 
5 360 60 55 54 389 
5 360 60 55 141 389 
3 360 191 141 
3 360 366 362 
3 360 386 381 
4 360 148 141 389 
3 360 362 381 
3 448 1558 306 
3 448 1558 494 
3 760 1559 134 
3 760 1559 222 
3 760 1672 1835 
4 1042 634 34 45 
6 1301 1280 1238 538 362 929 
3 383 57 772 
4 383 57 622 58 
4 383 182 191 141 
4 383 525 55 58 
4 383 525 55 141 
3 383 141 622 
3 383 141 895 
6 391 170 57 54 55 60 
4 391 170 57 71 
4 391 170 183 71 
4 391 170 183 141 
5 391 170 141 55 60 
3 391 366 71 
3 391 161 55 
3 391 161 148 
4 391 148 183 141 
5 500 134 83 306 309 
4 500 134 83 186 
3 500 134 81 
3 500 1111 186 
3 500 1111 306 
3 1136 729 34 
5 43 605 204 186 894 
4 43 605 204 27 
3 43 351 894 
3 43 351 1588 
3 43 351 1777 
3 364 187 39 
3 364 187 207 
3 364 187 252 
3 364 187 429 
3 364 187 650 
3 721 772 57 
3 721 772 437 
4 179 334 55 480 
4 179 334 55 524 
3 772 31 30 
3 1351 6 232 
3 1351 151 895 
3 1351 468 327 
6 399 55 54 57 58 60 
4 399 55 54 480 
4 399 55 141 60 
3 399 71 57 
3 399 148 141 
5 474 83 605 204 27 
5 474 83 605 204 71 
5 474 83 605 204 894 
4 474 83 605 1588 
5 474 83 306 309 27 
3 474 60 54 
3 474 54 480 
3 474 345 27 
3 474 345 71 
4 474 1292 309 27 
4 474 480 306 309 
4 474 480 605 894 
5 1588 198 623 605 258 
5 1588 198 623 605 1650 
4 1588 198 623 553 
3 1588 198 534 
3 1588 198 912 
4 1588 198 1672 605 
4 1588 397 605 623 
3 1588 83 553 
4 1588 83 258 605 
3 50 650 34 
3 311 71 6 
3 311 71 486 
3 311 833 6 
3 328 117 409 
3 637 27 345 
4 637 27 1292 309 
3 637 38 306 
4 327 141 187 220 
3 327 141 60 
3 327 141 206 
4 929 576 1280 1238 
4 989 71 338 605 
4 989 1111 338 605 
4 81 71 498 114 
4 81 71 498 137 
4 81 71 498 389 
3 81 71 52 
3 81 71 170 
3 81 71 403 
3 81 71 468 
3 81 71 534 
3 81 207 141 
3 81 1633 141 
4 81 134 389 498 
3 81 141 170 
3 81 141 389 
3 148 395 408 
3 148 338 161 
3 148 338 389 
4 148 389 183 141 
3 333 60 524 
4 409 137 117 71 
4 409 137 117 894 
3 409 137 1292 
3 465 57 187 
3 465 57 894 
4 465 57 27 198 
4 465 57 198 487 
6 465 57 55 450 54 60 
6 465 57 55 450 54 487 
6 465 57 55 450 486 487 
3 465 206 141 
4 465 159 151 487 
4 465 151 487 450 
4 465 480 54 55 
3 465 480 894 
3 465 141 27 
3 465 141 894 
4 465 141 55 60 
3 535 55 389 
3 729 366 34 
4 1292 27 623 137 
4 1292 27 623 258 
4 1292 27 623 389 
4 1292 27 623 553 
3 1292 27 160 
3 354 576 351 
3 44 173 784 
3 44 173 894 
3 44 23 33 
3 153 83 141 
3 153 83 553 
3 153 83 2165 
3 153 173 141 
3 153 1258 183 
3 153 183 141 
5 309 27 134 306 83 
5 309 27 134 306 173 
5 309 27 134 306 198 
5 309 27 134 1559 83 
3 309 27 543 
3 309 27 1770 
4 309 27 1692 1693 
4 309 27 1693 306 
4 309 27 1693 1559 
3 309 114 173 
3 309 114 1693 
3 778 571 635 
3 38 1693 141 
3 38 1693 306 
3 38 1693 1072 
3 38 1693 1692 
3 38 553 83 
3 38 1672 605 
4 38 183 605 141 
4 38 83 605 141 
3 38 83 306 
3 537 141 83 
3 537 222 395 
3 537 366 83 
3 101 1072 386 
3 161 85 55 
5 192 206 141 180 191 
4 192 206 141 389 
4 192 206 141 525 
3 192 206 950 
4 192 206 630 389 
3 192 395 408 
4 192 39 187 141 
3 192 39 950 
4 192 187 141 389 
4 192 187 141 525 
5 192 187 141 180 191 
3 222 408 395 
6 54 55 57 60 58 52 
6 54 55 57 60 58 450 
5 54 55 57 60 485 
4 54 55 57 395 
4 54 55 57 398 
5 54 55 57 67 52 
4 54 55 461 60 
4 54 55 464 60 
4 54 55 389 480 
5 54 55 480 67 334 
3 838 117 437 
4 1559 27 63 1766 
4 1559 27 201 204 
4 1559 27 1693 534 
4 1559 27 1766 534 
5 1559 27 134 389 83 
5 1559 27 134 389 623 
5 1559 27 134 345 623 
4 1559 27 345 534 
5 1559 27 345 1650 623 
5 1559 27 389 605 83 
5 1559 27 389 605 623 
5 1559 27 623 605 1650 
3 1559 494 389 
4 1559 117 403 71 
4 1559 403 605 71 
5 1559 71 83 605 204 
5 1559 71 83 605 389 
4 1559 71 345 534 
4 1559 71 534 204 
3 151 170 159 
3 151 1773 159 
3 182 141 169 
4 182 141 212 191 
3 386 351 381 
3 211 486 426 
3 30 1756 206 
5 306 27 623 198 1558 
6 306 27 623 198 134 389 
4 306 27 623 1773 
6 306 27 623 498 134 389 
4 306 27 1693 534 
4 306 27 534 198 
4 306 27 83 258 
5 306 27 83 389 134 
3 306 468 198 
3 306 480 389 
5 306 338 1111 198 389 
3 206 169 141 
4 206 207 180 141 
4 173 186 894 134 
4 173 186 894 137 
4 173 186 894 141 
3 173 186 366 
3 173 784 366 
3 173 1769 27 
3 173 55 141 
3 173 55 485 
3 173 485 894 
3 173 27 137 
3 173 27 141 
3 173 27 366 
6 186 894 204 605 543 1650 
5 186 894 204 605 83 
5 186 894 204 605 137 
4 186 894 204 201 
4 186 894 204 534 
4 186 894 204 1205 
4 186 894 204 1633 
3 186 894 216 
3 186 894 538 
4 186 894 403 605 
4 186 894 1558 605 
5 186 894 134 389 83 
6 186 894 141 389 83 605 
4 186 894 141 1633 
4 186 894 389 1205 
3 186 397 605 
3 186 1126 389 
3 186 1777 134 
3 186 366 83 
3 186 366 1111 
5 186 1111 605 204 137 
5 186 1111 605 204 543 
4 186 1111 605 389 
4 186 1111 605 403 
4 186 1111 1205 204 
4 186 1111 1205 389 
3 894 160 480 
3 894 351 538 
3 894 485 57 
3 894 1773 605 
3 894 57 605 
3 894 494 389 
3 894 494 1558 
3 894 2165 83 
3 894 2165 216 
3 894 117 403 
3 894 117 480 
3 894 117 538 
4 894 480 389 605 
4 894 498 137 204 
3 117 71 170 
3 117 470 1768 
3 351 538 895 
3 426 525 85 
3 191 159 180 
4 58 57 895 60 
5 58 57 486 450 55 
4 58 525 334 55 
3 334 429 187 
3 334 525 187 
3 334 187 57 
3 67 114 131 
3 67 137 131 
3 67 1530 257 
3 85 55 525 
3 366 784 71 
3 366 83 27 
3 366 83 71 
3 60 55 33 
3 60 55 408 
3 60 55 524 
4 60 55 513 464 
3 60 65 52 
3 60 1633 141 
3 60 235 57 
3 60 235 934 
3 60 895 141 
3 60 934 141 
3 159 541 389 
3 159 1770 389 
3 57 235 71 
3 57 470 395 
3 57 622 395 
4 57 27 605 198 
4 57 468 71 486 
3 57 468 198 
3 57 605 71 
3 57 71 52 
4 57 71 450 486 
5 27 198 623 345 134 
5 27 198 623 345 137 
5 27 198 623 345 1558 
5 27 198 623 345 1650 
4 27 198 623 553 
4 27 198 623 612 
5 27 198 623 389 605 
5 27 198 623 605 137 
5 27 198 623 605 258 
5 27 198 623 605 1558 
5 27 198 623 605 1650 
3 27 198 506 
4 27 198 63 912 
4 27 198 534 345 
4 27 198 1672 605 
4 27 198 1777 134 
3 27 160 345 
3 27 216 623 
3 27 216 1672 
4 27 220 1693 141 
4 27 397 605 623 
3 27 1633 141 
3 27 1633 204 
3 27 1768 258 
3 27 1768 1777 
4 27 1773 605 623 
4 27 1770 605 137 
4 27 1770 605 389 
5 27 141 83 389 605 
4 27 83 258 605 
5 27 498 623 137 345 
5 27 498 623 345 134 
3 27 498 912 
4 27 498 204 137 
4 27 204 137 605 
4 389 605 183 71 
4 389 605 183 141 
5 389 605 1111 338 198 
5 389 605 1111 338 1476 
5 389 605 1476 71 338 
3 389 494 338 
3 389 541 630 
3 389 1126 71 
4 389 187 183 141 
3 389 1205 71 
3 55 63 52 
3 55 538 486 
3 71 605 6 
4 71 605 137 204 
4 71 605 137 1476 
3 71 52 65 
3 71 216 1672 
3 71 235 934 
3 71 617 486 
3 71 912 498 
3 71 1205 204 
3 71 1335 468 
3 71 1769 338 
3 71 232 6 
3 71 232 1476 
4 71 345 137 498 
4 71 345 137 1476 
4 71 498 204 137 
3 187 141 252 
3 187 141 429 
5 187 141 183 207 180 
